THERMO ALL
  300.000  1000.000  5000.000
AR                G-5-97AR  1               G     200.0    6000.0  1000.0      1
          2.5E0          0.0E0          0.0E0          0.0E0          0.0E0    2
     -7.45375E2   4.37967491E0          2.5E0          0.0E0          0.0E0    3
          0.0E0          0.0E0     -7.45375E2   4.37967491E0                   4
N2                G-8-02N   2               G     200.0    6000.0  1000.0      1
   2.95257637E0   1.3969004E-3 -4.92631603E-7 7.86010195E-11-4.60755204E-15    2
  -9.23948688E2   5.87188762E0   3.53100528E0 -1.23660988E-4 -5.02999433E-7    3
  2.43530612E-9-1.40881235E-12  -1.04697628E3   2.96747038E0                   4
HE                G-5-97HE  1               G     200.0    6000.0  1000.0      1
          2.5E0          0.0E0          0.0E0          0.0E0          0.0E0    2
     -7.45375E2  9.28723974E-1          2.5E0          0.0E0          0.0E0    3
          0.0E0          0.0E0     -7.45375E2  9.28723974E-1                   4
H2                TPIS78H   2               G     200.0    6000.0  1000.0      1
   2.93286575E0  8.26608026E-4 -1.46402364E-7 1.54100414E-11  -6.888048E-16    2
  -8.13065581E2  -1.02432865E0   2.34433112E0  7.98052075E-3  -1.9478151E-5    3
  2.01572094E-8-7.37611761E-12  -9.17935173E2  6.83010238E-1                   4
H                 L-6-94H   1               G     200.0    6000.0  1000.0      1
          2.5E0          0.0E0          0.0E0          0.0E0          0.0E0    2
     2.547366E4  -4.4668285E-1          2.5E0          0.0E0          0.0E0    3
          0.0E0          0.0E0     2.547366E4  -4.4668285E-1                   4
O2                RUS-89O   2               G     200.0    6000.0  1000.0      1
   3.66096065E0  6.56365811E-4 -1.41149627E-7 2.05797935E-11-1.29913436E-15    2
  -1.21597718E3   3.41536279E0   3.78245636E0 -2.99673416E-3  9.84730201E-6    3
 -9.68129509E-9 3.24372837E-12  -1.06394356E3   3.65767573E0                   4
O                 L-1-90O   1               G     200.0    6000.0  1000.0      1
   2.54363697E0 -2.73162486E-5  -4.1902952E-9 4.95481845E-12-4.79553694E-16    2
    2.9226012E4   4.92229457E0    3.1682671E0 -3.27931884E-3  6.64306396E-6    3
 -6.12806624E-9 2.11265971E-12   2.91222592E4   2.05193346E0                   4
H2O               L-5-89H   2O   1          G     200.0    6000.0  1000.0      1
    2.6770389E0   2.9731816E-3  -7.7376889E-7  9.4433514E-11 -4.2689991E-15    2
   -2.9885894E4      6.88255E0    4.1986352E0  -2.0364017E-3   6.5203416E-6    3
  -5.4879269E-9   1.771968E-12   -3.0293726E4  -8.4900901E-1                   4
OH                IU3-03H   1O   1          G     200.0    6000.0  1000.0      1
   2.83853033E0  1.10741289E-3 -2.94000209E-7 4.20698729E-11 -2.4228989E-15    2
   3.69780808E3   5.84494652E0   3.99198424E0 -2.40106655E-3  4.61664033E-6    3
 -3.87916306E-9 1.36319502E-12   3.36889836E3 -1.03998477E-1                   4
OHV               121286H   1O   1          G     300.0    5000.0  1000.0      1
      2.88273E0   1.0139743E-3   -2.276877E-7   2.174683E-11  -5.126305E-16    2
       5.0265E4     5.595712E0     3.637266E0     1.85091E-4  -1.6761646E-6    3
    2.387202E-9  -8.431442E-13      5.00213E4    1.3588605E0                   4
H2O2              T-8-03H   2O   2          G     200.0    6000.0  1000.0      1
   4.57977305E0  4.05326003E-3  -1.2984473E-6   1.982114E-10-1.13968792E-14    2
  -1.80071775E4  6.64970694E-1   4.31515149E0 -8.47390622E-4  1.76404323E-5    3
 -2.26762944E-8 9.08950158E-12  -1.77067437E4   3.27373319E0                   4
HO2               T-1-09H   1O   2          G     200.0    5000.0  1000.0      1
   4.17228741E0  1.88117627E-3 -3.46277286E-7 1.94657549E-11 1.76256905E-16    2
   3.10206839E1   2.95767672E0   4.30179807E0 -4.74912097E-3  2.11582905E-5    3
 -2.42763914E-8 9.29225225E-12   2.64018485E2    3.7166622E0                   4
CO                RUS-79O   1C   1          G     200.0    6000.0  1000.0      1
    3.0484859E0   1.3517281E-3  -4.8579405E-7  7.8853644E-11 -4.6980746E-15    2
   -1.4266117E4    6.0170977E0    3.5795335E0  -6.1035369E-4   1.0168143E-6    3
  9.0700586E-10 -9.0442449E-13   -1.4344086E4    3.5084093E0                   4
CO2               L-7-88O   2C   1          G     200.0    6000.0  1000.0      1
    4.6365111E0   2.7414569E-3  -9.9589759E-7  1.6038666E-10 -9.1619857E-15    2
   -4.9024904E4   -1.9348955E0     2.356813E0   8.9841299E-3  -7.1220632E-6    3
   2.4573008E-9 -1.4288548E-13   -4.8371971E4    9.9009035E0                   4
HOCO              T05-06H   1O   2C   1     G     200.0    6000.0  1000.0      1
   5.39206152E0  4.11221455E-3   -1.481949E-6  2.3987546E-10-1.43903104E-14    2
  -2.38606717E4  -2.23529091E0   2.92207919E0  7.62453859E-3  3.29884437E-6    3
 -1.07135205E-8 5.11587057E-12  -2.30281524E4   1.12925886E1                   4
CH4               G-8-99H   4C   1          G     200.0    6000.0  1000.0      1
   1.65326226E0  1.00263099E-2 -3.31661238E-6 5.36483138E-10-3.14696758E-14    2
  -1.00095936E4   9.90506283E0   5.14911468E0 -1.36622009E-2  4.91453921E-5    3
 -4.84246767E-8 1.66603441E-11  -1.02465983E4  -4.63848842E0                   4
CH3               IU0702H   3C   1          G     200.0    6000.0  1000.0      1
    2.9781206E0    5.797852E-3    -1.97558E-6   3.072979E-10 -1.7917416E-14    2
    1.6509513E4    4.7224799E0    3.6571797E0   2.1265979E-3   5.4583883E-6    3
  -6.6181003E-9  2.4657074E-12    1.6422716E4    1.6735354E0                   4
CH2               IU3-03H   2C   1          G     200.0    6000.0  1000.0      1
   3.14631886E0  3.03671259E-3 -9.96474439E-7  1.5048358E-10-8.57335515E-15    2
   4.60412605E4   4.72341711E0   3.71757846E0   1.2739126E-3  2.17347251E-6    3
   -3.488585E-9 1.65208866E-12   4.58723866E4   1.75297945E0                   4
CH2(S)            IU6-03H   2C   1          G     200.0    6000.0  1000.0      1
   3.13501686E0  2.89593926E-3  -8.1666809E-7 1.13572697E-10-6.36262835E-15    2
   5.05040504E4   4.06030621E0   4.19331325E0 -2.33105184E-3  8.15676451E-6    3
 -6.62985981E-9 1.93233199E-12   5.03662246E4  -7.4673431E-1                   4
C                 L-7-88C   1               G     200.0    6000.0  1000.0      1
     2.605583E0  -1.9593434E-4   1.0673722E-7  -1.642394E-11   8.187058E-16    2
    8.5411742E4    4.1923868E0    2.5542395E0  -3.2153772E-4   7.3379223E-7    3
 -7.3223487E-10  2.6652144E-13    8.5442681E4    4.5313085E0                   4
CH                IU3-03H   1C   1          G     200.0    6000.0  1000.0      1
    2.5209369E0   1.7653639E-3   -4.614766E-7  5.9289675E-11 -3.3474501E-15    2
    7.0946769E4    7.4051829E0    3.4897583E0    3.243216E-4  -1.6899751E-6    3
    3.162842E-9 -1.4061803E-12    7.0612646E4    2.0842841E0                   4
CHV               073003H   1C   1          G     300.0    5000.0  1000.0      1
     2.196223E0    2.340381E-3   -7.058201E-7   9.007582E-11   -3.85504E-15    2
    1.0419559E5     9.178373E0     3.200202E0    2.072875E-3   -5.134431E-6    3
     5.73389E-9  -1.955533E-12    1.0393714E5     3.331587E0                   4
CH3O2H            A-7-05H   4O   2C   1     G     200.0    6000.0  1000.0      1
   7.76538058E0  8.61499712E-3 -2.98006935E-6 4.68638071E-10-2.75339255E-14    2
  -1.82979984E4  -1.43992663E1   2.90540897E0  1.74994735E-2   5.2824363E-6    3
 -2.52827275E-8 1.34368212E-11  -1.68894632E4   1.13741987E1                   4
CH3O2                   H   3O   2C   1     G     300.0    5000.0  1374.0      1
   6.47970487E0   7.4440108E-3 -2.52348555E-6 3.89577296E-10-2.25182399E-14    2
  -1.56285441E3  -8.19477074E0   1.97339205E0   1.5354234E-2 -6.37314891E-6    3
 3.19930565E-10 2.82193915E-13   2.54278835E2   1.69194215E1                   4
CH2O2H                  H   3O   2C   1     G     300.0    5000.0  1410.0      1
   9.24697852E0  4.60845541E-3 -1.53501472E-6  2.3443483E-10-1.34573106E-14    2
   4.11529953E3  -2.11503248E1   2.88976454E0  2.09465776E-2 -1.75190772E-5    3
  7.27819787E-9-1.18912344E-12    6.1239062E3   1.23802076E1                   4
CH3OH             T06-02H   4O   1C   1     G     200.0    6000.0  1000.0      1
   3.52726795E0  1.03178783E-2 -3.62892944E-6 5.77448016E-10-3.42182632E-14    2
  -2.60028834E4   5.16758693E0   5.65851051E0 -1.62983419E-2  6.91938156E-5    3
 -7.58372926E-8  2.8042755E-11  -2.56119736E4 -8.97330508E-1                   4
CH3O              IU1-03H   3O   1C   1     G     200.0    6000.0  1000.0      1
   4.75779238E0  7.44142474E-3 -2.69705176E-6 4.38090504E-10-2.63537098E-14    2
    3.7811194E2  -1.96680028E0   3.71180502E0 -2.80463306E-3  3.76550971E-5    3
 -4.73072089E-8  1.8658842E-11    1.2956976E3   6.57240864E0                   4
CH2OH             IU2-03H   3O   1C   1     G     200.0    6000.0  1000.0      1
    5.0931437E0   5.9476126E-3  -2.0649746E-6 3.23008173E-10-1.88125902E-14    2
   -4.0340964E3  -1.84691493E0   4.47834367E0  -1.3507031E-3   2.7848498E-5    3
  -3.6486906E-8  1.4790745E-11   -3.5007289E3     3.309135E0                   4
CH2O              T-5-11H   2O   1C   1     G     200.0    6000.0  1000.0      1
   3.16952665E0   6.1932056E-3 -2.25056366E-6  3.6597566E-10-2.20149458E-14    2
  -1.45486831E4   6.04207898E0   4.79372312E0 -9.90833322E-3   3.7321999E-5    3
 -3.79285237E-8 1.31772641E-11  -1.43791953E4  6.02798058E-1                   4
HCO               T-5-03H   1O   1C   1     G     200.0    6000.0  1000.0      1
   3.92001542E0  2.52279324E-3 -6.71004164E-7 1.05615948E-10-7.43798261E-15    2
   3.65342928E3   3.58077056E0    4.2375461E0 -3.32075257E-3  1.40030264E-5    3
 -1.34239995E-8 4.37416208E-12   3.87241185E3   3.30834869E0                   4
HCOH               MAR94H   2O   1C   1     G     300.0    5000.0  1398.0      1
   9.18749272E0  1.52011152E-3 -6.27603516E-7 1.09727989E-10-6.89655128E-15    2
   7.81364593E3  -2.73434214E1  -2.82157421E0  3.57331702E-2  -3.8086158E-5    3
  1.86205951E-8-3.45957838E-12   1.12956672E4   3.48487757E1                   4
HO2CHO            -THERMH   2O   3C   1     G     300.0    5000.0  1378.0      1
   9.87503878E0  4.64663708E-3 -1.67230522E-6 2.68624413E-10-1.59595232E-14    2
  -3.80502496E4  -2.24939155E1   2.42464726E0   2.1970638E-2 -1.68705546E-5    3
  6.25612194E-9-9.11645843E-13  -3.54828006E4   1.75027796E1                   4
HOCH2O2H                H   4O   3C   1     G     300.0    5000.0  1398.0      1
   1.24531886E1   7.1822111E-3 -2.47029548E-6 3.85611737E-10-2.24774193E-14    2
  -4.24862928E4  -3.58745197E1  5.35189713E-1  3.73266553E-2 -3.15299511E-5    3
  1.30352583E-8-2.11473264E-12  -3.86609415E4   2.71776082E1                   4
HOCH2O2                 H   3O   3C   1     G     300.0    5000.0  1377.0      1
   1.16406115E1   5.7282604E-3 -2.05362036E-6 3.29070695E-10 -1.9518836E-14    2
  -2.53505769E4  -3.07332064E1   2.82068616E0  2.47857094E-2 -1.66186399E-5    3
  4.79633095E-9-4.28087766E-13  -2.22077036E4   1.70599803E1                   4
OCH2O2H           -THERMH   3O   3C   1     G     300.0    5000.0  1418.0      1
   1.29622491E1  4.21948855E-3 -1.54275194E-6 2.50413077E-10-1.49855537E-14    2
  -1.81326406E4  -3.87016356E1  4.46349361E-1  3.63049606E-2 -3.26130978E-5    3
  1.37050551E-8-2.20872791E-12  -1.41972598E4   2.72960376E1                   4
HOCH2O            -THERMH   3O   2C   1     G     300.0    5000.0  1452.0      1
   6.39521515E0  7.43673043E-3 -2.50422354E-6 3.84879712E-10-2.21778689E-14    2
   -2.4110884E4  -6.63865583E0   4.11183145E0  7.53850697E-3   3.7733737E-6    3
 -5.38746005E-9 1.45615887E-12  -2.28023001E4   7.46807254E0                   4
O2CHO             -THERMH   1O   3C   1     G     300.0    5000.0  1368.0      1
   7.24075139E0  4.63312951E-3 -1.63693995E-6 2.59706693E-10-1.52964699E-14    2
  -1.87027618E4  -6.49547212E0   3.96059309E0  1.06002279E-2 -5.25713351E-6    3
  1.01716726E-9-2.87487602E-14  -1.73599383E4   1.17807483E1                   4
HOCHO             L-8-88H   2O   2C   1     G     200.0    6000.0  1000.0      1
    4.6138316E0   6.4496364E-3  -2.2908251E-6  3.6716047E-10 -2.1873675E-14    2
    -4.751485E4   8.4788383E-1    3.8983616E0  -3.5587795E-3   3.5520538E-5    3
  -4.3849959E-8  1.7107769E-11   -4.6770609E4    7.3495397E0                   4
OCHO              ATCT-AH   1O   2C   1     G     200.0    6000.0  1000.0      1
   4.14394211E0  5.59738818E-3 -1.99794019E-6 3.16179193E-10-1.85614483E-14    2
  -1.72459887E4   5.07778617E0   4.68825921E0 -4.14871834E-3   2.5506601E-5    3
   -2.844739E-8 1.04422559E-11  -1.69867041E4    4.2842648E0                   4
C2H6              G-8-88H   6C   2          G     200.0    6000.0  1000.0      1
   4.04666411E0  1.53538802E-2 -5.47039485E-6 8.77826544E-10-5.23167531E-14    2
  -1.24473499E4 -9.68698313E-1   4.29142572E0 -5.50154901E-3  5.99438458E-5    3
 -7.08466469E-8 2.68685836E-11  -1.15222056E4   2.66678994E0                   4
C2H5              -THERMH   5C   2          G     300.0    5000.0  1387.0      1
    5.8878439E0  1.03076793E-2 -3.46844396E-6 5.32499257E-10-3.06512651E-14    2
   1.15065499E4  -8.49651771E0   1.32730217E0  1.76656753E-2 -6.14926558E-6    3
-3.01143466E-10 4.38617775E-13   1.34284028E4   1.71789216E1                   4
C2H5O2H                 H   6O   2C   2     G     300.0    5000.0  1390.0      1
   1.04823538E1  1.34779879E-2 -4.62179078E-6 7.18618519E-10-4.17307436E-14    2
  -2.46578171E4  -2.84294243E1   1.83755328E0  3.38053586E-2  -2.3754814E-5    3
  9.31974865E-9-1.58003428E-12  -2.15814086E4   1.80977584E1                   4
C2H5O2                  H   5O   2C   2     G     300.0    5000.0  1389.0      1
    9.5028257E0  1.20429839E-2 -4.09491581E-6 6.33049241E-10-3.66133788E-14    2
  -7.37069391E3   -2.2171713E1   3.90351912E0  2.22599212E-2 -1.01610079E-5    3
  1.71709751E-9 1.88166738E-14  -5.09654081E3    8.9872275E0                   4
C2H4                    H   4C   2          G     300.0    5000.0  1392.0      1
   5.07061289E0  9.11140768E-3 -3.10506692E-6 4.80733851E-10-2.78321396E-14    2
   3.66391217E3  -6.64501414E0  4.81118223E-1   1.8377806E-2 -9.99633565E-6    3
  2.73211039E-9-3.01837289E-13   5.44386648E3   1.85867157E1                   4
C2H3                    H   3C   2          G     300.0    5000.0  1400.0      1
   4.99675415E0  6.55838271E-3 -2.20921909E-6 3.39300272E-10-1.95316926E-14    2
   3.34604382E4  -3.01451097E0   1.25545094E0  1.57481597E-2 -1.12218328E-5    3
  4.50915682E-9-7.74861577E-13   3.47435574E4   1.69664043E1                   4
CHOCHO                  H   2O   2C   2     G     300.0    5000.0  1386.0      1
   9.75438561E0  4.97645947E-3 -1.74410483E-6 2.75586994E-10-1.61969892E-14    2
  -2.95832896E4  -2.61878329E1    1.8810512E0  2.36386368E-2 -1.83443295E-5    3
  6.84842963E-9-9.92733674E-13   -2.6928019E4   1.59154793E1                   4
C2H3OOH           -THERMH   4O   2C   2     G     300.0    5000.0  1397.0      1
   1.15749951E1  8.09909174E-3 -2.81808668E-6 4.42697954E-10-2.58998042E-14    2
  -8.84852664E3  -3.43859117E1   1.35644398E0  3.37002447E-2   -2.759885E-5    3
  1.14222854E-8-1.89488886E-12  -5.49996692E3   1.98354466E1                   4
C2H3OO                  H   3O   2C   2     G    298.15    2000.0  1000.0      1
   6.04483828E0  1.45511127E-2 -7.50974622E-6   1.8348828E-9-1.66689681E-13    2
   1.01699244E4  -3.71144913E0   1.09784776E0  2.95333237E-2  -2.2774436E-5    3
  7.20559155E-9-3.07929092E-13   1.13996101E4   2.13563583E1                   4
CHCHO                   H   2O   1C   2     G    298.15    2000.0  1000.0      1
    4.9263291E0  9.71712147E-3  -5.5485598E-6  1.53068537E-9-1.64742462E-13    2
   2.89499494E4  5.27874677E-1   2.33256751E0  1.62952986E-2 -9.72052177E-6    3
 5.15124155E-10 1.03836514E-12   2.96585452E4   1.39904923E1                   4
C2H2              G-1-91H   2C   2          G     200.0    6000.0  1000.0      1
   4.65878489E0  4.88396667E-3 -1.60828888E-6 2.46974544E-10-1.38605959E-14    2
   2.57594042E4  -3.99838194E0  8.08679682E-1  2.33615762E-2 -3.55172234E-5    3
  2.80152958E-8-8.50075165E-12   2.64289808E4   1.39396761E1                   4
C2H               T-5-10H   1C   2          G     200.0    6000.0  1000.0      1
   3.66270248E0  3.82492252E-3   -1.366325E-6  2.1345504E-10-1.23216848E-14    2
    6.7168379E4   3.92205792E0   2.89867676E0  1.32988489E-2 -2.80733327E-5    3
  2.89484755E-8-1.07502351E-11    6.7061605E4   6.18547632E0                   4
H2CC              L12-89H   2C   2          G     200.0    6000.0  1000.0      1
     4.278034E0   4.7562804E-3  -1.6301009E-6  2.5462806E-10 -1.4886379E-14    2
    4.8316688E4   6.4023701E-1    3.2815483E0   6.9764791E-3  -2.3855244E-6    3
  -1.2104432E-9  9.8189545E-13    4.8621794E4     5.920391E0                   4
C2                T05-09C   2               G     200.0    6000.0  1000.0      1
   3.25289233E0  1.23190307E-3 -4.50354156E-7 7.49356656E-11-4.57925077E-15    2
   9.83737348E4   3.95859964E0   3.69386038E0 -1.84767427E-3  5.23712984E-6    3
 -3.83965401E-9 8.61135711E-13   9.83822318E4   2.23677006E0                   4
C2O               T-8-11O   1C   2          G     200.0    6000.0  1000.0      1
   5.42468378E0  1.85393945E-3 -5.17932956E-7  6.7764623E-11-3.53315237E-15    2
   4.37161379E4  -3.69608405E0   2.86278214E0  1.19701204E-2 -1.80851222E-5    3
   1.5277773E-8-5.20063163E-12   4.43125964E4   8.89759099E0                   4
C2H5OH                  H   6O   1C   2     G     300.0    5000.0  1402.0      1
   8.14483865E0  1.28314052E-2 -4.29052743E-6 6.55971721E-10-3.76506611E-14    2
  -3.24005526E4  -1.86241126E1  2.15805861E-1  2.95228396E-2 -1.68271048E-5    3
  4.49484797E-9-4.02451543E-13  -2.94851823E4   2.45725052E1                   4
C2H5O                   H   5O   1C   2     G     300.0    5000.0  1467.0      1
   8.19120635E0  1.10391986E-2 -3.75270536E-6 5.80275784E-10-3.35735146E-14    2
  -5.66847208E3  -1.90131344E1   2.90353584E0  1.77256708E-2 -2.69624757E-6    3
 -3.45830533E-9 1.25224784E-12   -3.2893029E3   1.13545591E1                   4
PC2H4OH                 H   5O   1C   2     G     300.0    5000.0  1395.0      1
    8.0675015E0  1.06143554E-2  -3.5799936E-6  5.5036376E-10-3.17051769E-14    2
  -6.92747939E3  -1.53833428E1   2.59479867E0  2.27100669E-2 -1.39473846E-5    3
  4.70095591E-9-6.90044236E-13  -4.91486975E3   1.43240718E1                   4
SC2H4OH                 H   5O   1C   2     G     300.0    5000.0  1385.0      1
   8.15007136E0  1.02549305E-2 -3.40137764E-6 5.17509965E-10-2.96128942E-14    2
  -1.05014386E4  -1.73134615E1   1.46281093E0  2.39193995E-2 -1.30667185E-5    3
  3.10615465E-9-1.85896007E-13  -8.00790323E3   1.92547092E1                   4
O2C2H4OH          -THERMH   5O   3C   2     G     300.0    5000.0  1506.0      1
   1.27503881E1  1.11514325E-2 -3.83473891E-6 5.98155829E-10-3.48372108E-14    2
  -2.52770876E4  -3.54317608E1     7.040098E0  1.59564166E-2  2.21097416E-6    3
 -7.05197355E-9 2.08266026E-12  -2.24524432E4  -1.75361758E0                   4
C2H4O2H                 H   5O   2C   2     G     300.0    5000.0  1389.0      1
   1.00590614E1  1.13378955E-2 -3.89403387E-6 6.06090687E-10-3.52212353E-14    2
   4.24048653E2  -2.32086536E1   2.75788364E0  2.88271987E-2 -2.08302264E-5    3
  8.47401397E-9 -1.4861761E-12   3.00153893E3   1.59921711E1                   4
C2H4O1-2          L-8-88H   4O   1C   2     G     200.0    6000.0  1000.0      1
    5.4887641E0    1.204619E-2  -4.3336931E-6  7.0028311E-10 -4.1949088E-14    2
   -9.1804251E3   -7.0799605E0    3.7590532E0   -9.441218E-3   8.0309721E-5    3
  -1.0080788E-7  4.0039921E-11   -7.5608143E3    7.8497475E0                   4
C2H3O1-2          A-1-05H   3O   1C   2     G     200.0    6000.0  1000.0      1
   5.60158035E0  9.17613962E-3 -3.28028902E-6 5.27903888E-10-3.15362241E-14    2
   1.71446252E4  -5.47228512E0   3.58349017E0 -6.02275805E-3  6.32426867E-5    3
 -8.18540707E-8 3.30444505E-11   1.85681353E4   9.59725926E0                   4
CH3CHO            L-8-88H   4O   1C   2     G     200.0    6000.0  1000.0      1
    5.4041108E0   1.1723059E-2  -4.2263137E-6  6.8372451E-10 -4.0984863E-14    2
   -2.2593122E4   -3.4807917E0    4.7294595E0  -3.1932858E-3   4.7534921E-5    3
  -5.7458611E-8  2.1931112E-11   -2.1572878E4    4.1030159E0                   4
CH3CO             IU2-03H   3O   1C   2     G     200.0    6000.0  1000.0      1
    5.3137165E0   9.1737793E-3  -3.3220386E-6  5.3947456E-10 -3.2452368E-14    2
   -3.6450414E3   -1.6757558E0    4.0358705E0   8.7729487E-4    3.071001E-5    3
  -3.9247565E-8  1.5296869E-11   -2.6820738E3    7.8617682E0                   4
CH2CHO                  H   3O   1C   2     G     298.0    3000.0  1000.0      1
    3.6302633E0  1.41239404E-2 -7.16478146E-6  1.76263004E-9-1.70391996E-13    2
   4.29875072E2   6.20577997E0  9.86311004E-1  2.24920216E-2 -1.64812936E-5    3
  5.86617239E-9-6.81551147E-13   1.07163704E3   1.95196726E1                   4
O2CH2CHO          BOZ-03H   3O   3C   2     G     300.0    5000.0  1393.0      1
   1.11807543E1  9.14479256E-3 -3.15089833E-6 4.91944238E-10 -2.8663918E-14    2
  -1.55790331E4   -2.8789274E1  -1.29465843E0  4.44936393E-2 -4.26577074E-5    3
   2.0739195E-8-3.96828771E-12  -1.18275628E4   3.60778797E1                   4
HO2CH2CO          BOZ-03H   3O   3C   2     G     300.0    5000.0  1386.0      1
   1.04146322E1  1.12680116E-2 -5.17494839E-6  1.00333285E-9-6.68165911E-14    2
  -1.40955672E4    -2.278944E1   2.22681686E0   3.5678138E-2 -3.26401909E-5    3
  1.47651988E-8 -2.6479438E-12  -1.18735095E4   1.91581197E1                   4
C2H3OH            -THERMH   4O   1C   2     G     300.0    5000.0  1410.0      1
   8.32598158E0  8.03387281E-3 -2.63928405E-6 3.98410726E-10-2.26551155E-14    2
  -1.83221436E4  -2.02080305E1  -1.2797226E-1  3.38506073E-2 -3.30644935E-5    3
  1.64858739E-8-3.19935455E-12  -1.59914544E4   2.30438601E1                   4
C2H2OH                  H   3O   1C   2     G     300.0    5000.0  1401.0      1
   8.20268447E0  5.92989165E-3 -1.99194448E-6 3.05794341E-10-1.76114732E-14    2
   1.24881328E4  -1.89670436E1  6.41642616E-1  2.61903633E-2  -2.3038537E-5    3
  1.02804704E-8-1.81971416E-12   1.48276951E4   2.06750999E1                   4
CH2CO                   H   2O   1C   2     G     300.0    5000.0  1000.0      1
   5.35869367E0  6.95641586E-3 -2.64802637E-6 4.65067592E-10 -3.0864182E-14    2
  -7.90294013E3  -3.98525731E0   1.81422511E0   1.9900859E-2 -2.21416008E-5    3
  1.45028521E-8-3.98877068E-12  -7.05394926E3   1.36079359E1                   4
HCCO              T-4-09H   1O   1C   2     G     200.0    6000.0  1000.0      1
   5.91479333E0   3.7140873E-3  -1.3013701E-6 2.06473345E-10-1.21476759E-14    2
   1.93596301E4  -5.50567269E0   1.87607969E0  2.21205418E-2 -3.58869325E-5    3
  3.05402541E-8-1.01281069E-11    2.0163384E4    1.3696829E1                   4
HCCOH             T12-09H   2O   1C   2     G     200.0    6000.0  1000.0      1
   6.37509678E0  5.49429011E-3 -1.88136576E-6 2.93803536E-10-1.71771901E-14    2
   8.93277676E3  -8.24498007E0   2.05541154E0  2.52003372E-2 -3.80821654E-5    3
  3.09890632E-8-9.89799902E-12   9.76872113E3   1.22271534E1                   4
CH3CO3H           -THERMH   4O   3C   2     G     300.0    5000.0  1391.0      1
   1.25060485E1  9.47789695E-3 -3.30402246E-6 5.19630793E-10-3.04233568E-14    2
  -4.59856703E4  -3.79195947E1   2.24135876E0  3.37963514E-2 -2.53887482E-5    3
  9.67583587E-9-1.49266157E-12  -4.24677831E4   1.70668133E1                   4
CH3CO3            -THERMH   3O   3C   2     G     300.0    5000.0  1391.0      1
   1.12522498E1  8.33652672E-3  -2.8901453E-6 4.52781734E-10-2.64354456E-14    2
  -2.60238584E4  -2.96370457E1   3.60373432E0  2.70080341E-2 -2.08293438E-5    3
  8.50541104E-9 -1.4384611E-12  -2.34205171E4   1.12014914E1                   4
CH3CO2            -THERMH   3O   2C   2     G     300.0    5000.0  1395.0      1
   8.54059736E0  8.32951214E-3  -2.8472201E-6 4.41927196E-10-2.56373394E-14    2
  -2.97290678E4  -2.03883545E1   1.37440768E0  2.49115604E-2 -1.74308894E-5    3
  6.24799508E-9-9.09516835E-13   -2.7233015E4   1.81405454E1                   4
!\AUTHOR: KPS !\REF: DAMES, CNF, 2016 !\COMMENT:
CH3OCH3                 H   6O   1C   2     G     298.0    3000.0  1000.0      1
    1.1385197E0  2.58202899E-2 -1.29425822E-5  3.14818537E-9-3.01294764E-13    2
  -2.35157473E4   1.85133202E1   3.75480003E0  9.94330522E-3   2.0465892E-5    3
 -2.65048607E-8  9.2039814E-12  -2.38174871E4   7.12147313E0                   4
!\AUTHOR: KPS !\REF: DAMES, CNF, 2016 !\COMMENT:
CH3OCH2                 H   5O   1C   2     G     298.0    3000.0  1000.0      1
    2.7430013E0  2.06529566E-2 -1.03925669E-5  2.54086134E-9-2.44516053E-13    2
  -1.32986515E3   1.24007048E1   3.93734319E0  9.90763869E-3  1.63345997E-5    3
 -2.34568933E-8 8.57704791E-12  -1.32547779E3   7.99274498E0                   4
CH3OCH2O2H        -THERMH   6O   3C   2     G     300.0    5000.0  1404.0      1
   1.28159161E1  1.34818095E-2 -4.50397729E-6 6.88229286E-10 -3.9488368E-14    2
  -4.06745921E4  -3.78047802E1   1.05786981E0  4.36787095E-2 -3.46383899E-5    3
   1.4480883E-8-2.46100643E-12  -3.68851076E4   2.43391936E1                   4
CH3OCH2O2         -THERMH   5O   3C   2     G     300.0    5000.0  1441.0      1
   1.19179361E1  1.19412867E-2 -3.93526185E-6 5.95756132E-10-3.39597705E-14    2
  -2.34231833E4  -3.20096863E1   3.39930541E0  3.09460407E-2 -1.92548181E-5    3
  5.76033887E-9-6.16081571E-13  -2.04433218E4   1.39429608E1                   4
CH2OCH2O2H        -THERMH   5O   3C   2     G     300.0    5000.0  1418.0      1
   1.23892901E1  1.11758961E-2 -3.59249095E-6 5.34196366E-10-3.00536541E-14    2
  -1.80551598E4  -3.29576862E1  1.62245477E-1  4.76101093E-2 -4.52046954E-5    3
  2.18379311E-8-4.11295947E-12    -1.464981E4   2.98253164E1                   4
O2CH2OCH2O2H      14-ERMH   5O   5C   2     G     300.0    5000.0  1433.0      1
   1.77378326E1  1.13589899E-2 -3.67382539E-6 5.49255712E-10-3.10405899E-14    2
  -3.82903058E4  -5.66609932E1   2.39977678E0  5.39881943E-2 -4.87969524E-5    3
  2.19792134E-8-3.86106979E-12  -3.37824638E4   2.30683371E1                   4
HO2CH2OCHO        -THERMH   4O   4C   2     G     300.0    5000.0  1386.0      1
   1.57136128E1  9.64430166E-3 -3.44136025E-6 5.49722196E-10-3.25360322E-14    2
  -6.29409094E4  -5.29505242E1   1.21909586E0  4.28858235E-2 -3.17634222E-5    3
  1.11542676E-8-1.49753153E-12  -5.79287926E4   2.49759193E1                   4
OCH2OCHO          -THERMH   3O   3C   2     G     300.0    5000.0  1523.0      1
     1.240132E1  7.83738243E-3 -2.82992688E-6 4.55558739E-10-2.71061389E-14    2
   -4.6845347E4  -3.78084549E1   1.89539692E0  2.74118545E-2  -1.3647609E-5    3
  1.26325603E-9 5.17970476E-13   -4.2787944E4   2.02333278E1                   4
HOCH2OCO          -THERMH   3O   3C   2     G     300.0    5000.0  1443.0      1
    1.1149841E1   9.3473652E-3 -3.35541548E-6 5.38037115E-10-3.19260183E-14    2
  -4.75012119E4  -2.95983867E1   5.95255071E0  8.42196282E-3  1.36741678E-5    3
 -1.46786275E-8 3.84143533E-12  -4.44470269E4   2.85657217E0                   4
CH3OCH2OH         -THERMH   6O   2C   2     G     300.0    5000.0  2014.0      1
    8.7098157E0  1.53602372E-2 -5.41003788E-6 8.60573446E-10-5.08819752E-14    2
  -4.76607115E4  -1.80226702E1   3.15851876E0  2.44325751E-2 -8.66984784E-6    3
-5.93319328E-11 4.36400003E-13  -4.54488899E4   1.30511235E1                   4
CH3OCH2O          -THERMH   5O   2C   2     G     300.0    5000.0  1523.0      1
   9.81288609E0  1.21313106E-2 -4.30285768E-6 6.84443177E-10-4.03862658E-14    2
  -2.50760742E4  -2.51866352E1   5.63414373E0  8.92830283E-3  1.37225633E-5    3
 -1.40497059E-8 3.54625624E-12  -2.22825214E4   1.93588846E0                   4
!\AUTHOR: KPS !\REF: DAMES, CNF, 2016 !\COMMENT:
CH3OCHO                 H   4O   2C   2     G     298.0    3000.0  1000.0      1
    1.5582156E0  2.63651102E-2 -1.49021985E-5  3.93577994E-9-3.99334221E-13    2
  -4.47996443E4   1.82846496E1   3.95242735E0  6.27936769E-3  3.21013314E-5    3
 -3.93941104E-8  1.3618557E-11  -4.47899337E4   9.26882234E0                   4
!\AUTHOR: KPS !\REF: DAMES, CNF, 2016 !\COMMENT:
CH3OCO                  H   3O   2C   2     G     298.0    3000.0  1000.0      1
   3.36304128E0  1.87670995E-2 -1.03048118E-5  2.67955225E-9 -2.6952476E-13    2
  -2.08317053E4   1.09017923E1   4.20427121E0  8.77414983E-3  1.52020481E-5    3
  -2.1722388E-8 7.77727542E-12   -2.0687622E4   8.45258172E0                   4
!\AUTHOR: KPS !\REF: DAMES, CNF, 2016 !\COMMENT:
CH2OCHO                 H   3O   2C   2     G     298.0    3000.0  1000.0      1
   5.66297823E0   1.7397957E-2 -1.01218468E-5  2.73226211E-9-2.81907442E-13    2
  -2.14389479E4  -2.38514196E0    3.1993223E0  1.93736375E-2 -1.21521306E-6    3
 -1.11559169E-8 5.18761324E-12  -2.05538696E4   1.14662057E1                   4
C3H8                    H   8C   3          G     300.0    5000.0  1390.0      1
    9.1554131E0  1.72574139E-2 -5.85614868E-6 9.04190155E-10-5.22523772E-14    2
  -1.75762439E4   -2.7741851E1   2.4087847E-1  3.39548599E-2 -1.60930874E-5    3
  2.83480628E-9 2.78195172E-14  -1.40362853E4     2.165008E1                   4
IC3H7                   H   7C   3          G     298.0    6000.0  1000.0      1
   6.70775549E0  1.74048076E-2 -6.07615926E-6 9.60084351E-10 -5.6565649E-14    2
   7.55377821E3  -1.03686516E1 -8.97467137E-1  4.15744022E-2 -4.94778349E-5    3
  4.56493655E-8-1.79085437E-11   9.93950407E3   2.92641758E1                   4
NC3H7                   H   7C   3          G     298.0    6000.0  1000.0      1
   7.48614243E0  1.65769478E-2 -5.74876481E-6 9.04103694E-10-5.30867231E-14    2
   8.93710008E3  -1.42595379E1  -2.20120865E0  5.29641653E-2 -7.23640506E-5    3
   6.3699694E-8-2.29332581E-11   1.15130744E4   3.43669174E1                   4
NC3H7O2H                H   8O   2C   3     G     300.0    5000.0  1392.0      1
   1.42246236E1  1.74340964E-2 -5.97063522E-6 9.27753851E-10-5.38585168E-14    2
  -2.88159737E4  -4.74357865E1   1.35815897E0  4.56683952E-2 -2.91646368E-5    3
  9.41701313E-9-1.22337394E-12  -2.41528416E4   2.23322825E1                   4
NC3H7O2                 H   7O   2C   3     G     300.0    5000.0  1390.0      1
   1.32753283E1  1.61303126E-2 -5.52348308E-6 8.58197168E-10-4.98172586E-14    2
  -1.16032968E4  -4.15091215E1   2.13311681E0  3.96692045E-2 -2.37570127E-5    3
  6.96020417E-9-7.82576856E-13  -7.46687112E3   1.92444565E1                   4
IC3H7O2H                H   8O   2C   3     G     300.0    5000.0  1405.0      1
   1.44896107E1  1.68268026E-2 -5.67601391E-6 8.72850837E-10-5.02993991E-14    2
  -3.06478491E4  -5.01352281E1   1.77384705E0  4.75813498E-2 -3.43745304E-5    3
  1.31405381E-8-2.06922904E-12  -2.63458844E4   1.77669753E1                   4
IC3H7O2                 H   7O   2C   3     G     300.0    5000.0  1407.0      1
    1.3526812E1  1.54306581E-2 -5.17464218E-6 7.92548669E-10-4.55415379E-14    2
  -1.33946348E4  -4.40461451E1   2.58517502E0  4.16107259E-2 -2.92193877E-5    3
  1.08614807E-8-1.66312005E-12  -9.67013161E3     1.447313E1                   4
C3H6OOH1-2              H   7O   2C   3     G     298.0    3000.0  1000.0      1
    5.8237676E0  2.98001534E-2 -1.50805567E-5  3.70519144E-9 -3.5803603E-13    2
  -8.40082264E2   2.43596968E0   3.22239332E0  3.30560778E-2 -8.08099836E-6    3
 -9.65892147E-9 5.35196836E-12 -8.28965983E-1   1.66771262E1                   4
C3H6OOH1-3              H   7O   2C   3     G     300.0    5000.0  1401.0      1
   1.39130757E1  1.40218463E-2 -4.55921149E-6 6.84182417E-10-3.87696213E-14    2
  -3.65650518E3  -4.21532559E1   1.74271107E0  4.53733504E-2 -3.57580373E-5    3
  1.48540053E-8-2.49981756E-12   2.32580844E2   2.20973041E1                   4
C3H6OOH2-1              H   7O   2C   3     G     300.0    5000.0  1393.0      1
   1.36645362E1  1.54329764E-2 -5.29285952E-6 8.23001262E-10-4.77931121E-14    2
  -5.58295862E3  -4.28758364E1   2.38465746E0  4.42928555E-2 -3.50977087E-5    3
  1.53695144E-8-2.81167824E-12  -1.80979612E3   1.69923285E1                   4
C3H6OOH1-2O2          12H   7O   4C   3     G     300.0    5000.0  1404.0      1
    1.9104498E1    1.440761E-2 -4.72127814E-6 7.12631642E-10 -4.0557849E-14    2
   -2.5027051E4  -6.63747978E1   3.99085043E0  5.31865338E-2 -4.28597948E-5    3
  1.77187019E-8-2.92768695E-12  -2.02143526E4   1.34150719E1                   4
C3H6OOH1-3O2          12H   7O   4C   3     G     300.0    5000.0  1416.0      1
   1.81661664E1  1.47644887E-2 -4.74842743E-6 7.06972467E-10-3.98305587E-14    2
  -2.26256376E4  -5.93719393E1    5.5693335E0  4.68523421E-2 -3.58917784E-5    3
  1.43314525E-8-2.29776083E-12  -1.86065694E4   7.18655005E0                   4
C3H6OOH2-1O2          12H   7O   4C   3     G     300.0    5000.0  1404.0      1
    1.9104498E1    1.440761E-2 -4.72127814E-6 7.12631642E-10 -4.0557849E-14    2
   -2.5027051E4  -6.63747978E1   3.99085043E0  5.31865338E-2 -4.28597948E-5    3
  1.77187019E-8-2.92768695E-12  -2.02143526E4   1.34150719E1                   4
C3H5-1E-2OOH            H   6O   2C   3     G     298.0    6000.0  1000.0      1
    1.2535286E1  1.41801036E-2  -4.8640817E-6 7.59244931E-10-4.43443519E-14    2
   -1.4274698E4  -3.75622448E1   -1.9221408E0   7.4757519E-2 -1.14477005E-4    3
  9.60658373E-8-3.18580028E-11  -1.10322543E4   3.27197181E1                   4
C3KET12                 H   6O   3C   3     G     300.0    5000.0  1385.0      1
    1.7018776E1  1.32097361E-2 -4.67054741E-6  7.4141177E-10-4.36869787E-14    2
  -4.23572589E4  -5.92615939E1   1.03882879E0   5.3418008E-2 -4.47684141E-5    3
   1.9465168E-8-3.45055244E-12  -3.70308881E4   2.56511209E1                   4
C3KET13                 H   6O   3C   3     G     300.0    5000.0  1508.0      1
   1.73612692E1  1.32330813E-2  -4.7533211E-6 7.62529227E-10-4.52613717E-14    2
   -4.0624806E4  -6.17768199E1   4.74956819E0  3.14080991E-2 -6.83838427E-6    3
 -5.67123901E-9 2.27686972E-12   -3.5192457E4   9.83753744E0                   4
C3H51-2,3OOH      3-THRMH   7O   4C   3     G     300.0    5000.0  1386.0      1
   2.12378169E1  1.39519596E-2 -4.94539222E-6 7.86381389E-10-4.63925564E-14    2
  -1.92864584E4  -7.69636561E1   2.55619708E0  6.13504487E-2 -5.23205391E-5    3
  2.28208029E-8-4.02231508E-12  -1.31353414E4   2.21043799E1                   4
C3H52-1,3OOH      3-THRMH   7O   4C   3     G     300.0    5000.0  1379.0      1
   2.02817964E1  1.48155431E-2 -5.25503386E-6 8.35963453E-10-4.93308915E-14    2
  -1.80085066E4  -7.22688262E1   4.12253742E0  5.19553611E-2 -3.83733727E-5    3
  1.45851637E-8-2.29820536E-12  -1.22759164E4   1.48367359E1                   4
C3H5O1-2OOH-3     3-THERH   6O   3C   3     G     300.0    5000.0  1432.0      1
   1.57042382E1  1.30255692E-2 -4.23544254E-6 6.35555595E-10-3.60110207E-14    2
  -2.77269333E4  -5.51895464E1  -3.25001215E0  6.65787151E-2 -6.18859778E-5    3
  2.84638649E-8-5.08511634E-12   -2.2237124E4    4.3038128E1                   4
C3H5O1-3OOH-2     3-THERH   6O   3C   3     G     300.0    5000.0  1434.0      1
   1.44493479E1   1.3637256E-2 -4.25836513E-6 6.20006211E-10 -3.4345158E-14    2
   -2.7737236E4  -5.06099103E1  -4.43959178E0  7.16532928E-2 -7.15032351E-5    3
  3.51737842E-8-6.63682938E-12  -2.27250412E4   4.56394038E1                   4
C3H6O1-2          A01-05H   6O   1C   3     G     200.0    6000.0  1000.0      1
   8.01491079E0  1.73919953E-2 -6.26027968E-6  1.01188256E-9-6.06239111E-14    2
  -1.51980838E4  -1.88279964E1   3.42806676E0  6.25176642E-3  6.13196311E-5    3
 -8.60387185E-8 3.51371393E-11  -1.28446646E4   1.04244994E1                   4
C3H6O1-3          A11-04H   6O   1C   3     G     200.0    6000.0  1000.0      1
   6.80716906E0  1.88824545E-2 -6.79082475E-6  1.09713919E-9-6.57154952E-14    2
  -1.36547629E4  -1.35382154E1   5.15283752E0 -1.86401716E-2  1.29980652E-4    3
 -1.58629974E-7 6.20668783E-11  -1.13243512E4   4.73561224E0                   4
C3H5-SOOH               H   6O   2C   3     G     298.0    6000.0  1000.0      1
   1.17366777E1  1.50781115E-2 -5.22873766E-6 8.22569776E-10 -4.8319881E-14    2
   -1.1905157E4  -3.21649975E1  6.05480242E-3   5.7296255E-2 -7.65094431E-5    3
  6.36300985E-8-2.20626642E-11  -8.82238404E3    2.6857227E1                   4
SC3H5OO           -THERMH   5O   2C   3     G     300.0    5000.0  1391.0      1
    1.3124657E1  1.17719171E-2 -4.06154905E-6  6.3436506E-10-3.69622374E-14    2
    3.1978525E3   -4.0625695E1   2.37869252E0  3.63937952E-2 -2.54689963E-5    3
  9.05375431E-9-1.30368839E-12   6.97002244E3   1.72448228E1                   4
TC3H5OO           -THERMH   5O   2C   3     G     300.0    5000.0  1427.0      1
    1.1247595E1  1.18958685E-2 -3.79310732E-6 5.61099631E-10-3.14584401E-14    2
   1.36735441E3  -2.84325345E1   2.60844589E0  3.34570194E-2 -2.41496366E-5    3
   9.1633332E-9-1.39948285E-12   4.16164345E3   1.73609186E1                   4
CH3COCH                 H   4O   1C   3     G     100.0    5000.0 1422.47      1
   8.42190715E0  1.32147931E-2 -5.94861582E-6  1.13318238E-9 -7.8779049E-14    2
   2.38473302E4  -1.67738709E1    3.1330794E0  1.99928367E-2 -4.56076359E-6    3
 -3.51748126E-9 1.44161672E-12   2.61708711E4   1.34838635E1                   4
CH2COCH2                H   4O   1C   3     G     100.0    5000.0 1940.46      1
 -9.87425172E-1  2.88974591E-2 -1.32185725E-5   1.9513931E-9-1.03642912E-13    2
   1.73797237E4   3.53154789E1   2.09413283E0  2.96789612E-2 -1.93371377E-5    3
  5.94804523E-9-8.62638406E-13   1.48407339E4   1.49452231E1                   4
HCOCHO                  H   2O   2C   2     G     100.0    5000.0  1151.9      1
   9.24589929E0  5.99796281E-3 -2.68878223E-6 6.62325707E-10-5.61829782E-14    2
   -2.9520382E4  -2.38683359E1   3.17309078E0  1.27447023E-2  7.20060003E-6    3
 -1.58693212E-8 5.87742563E-12  -2.71698713E4   1.04181588E1                   4
CH3COCHO                H   4O   2C   3     G     300.0    5000.0  1381.0      1
    1.1437119E1  1.06773624E-2 -3.68967757E-6 5.77006752E-10-3.36532201E-14    2
  -3.78079398E4  -3.25054087E1   2.08731049E0  3.09032484E-2 -1.98794164E-5    3
  6.26174519E-9-7.69945504E-13  -3.43989451E4   1.82839639E1                   4
CH3CCHO                 H   4O   1C   3     G     100.0    5000.0  883.64      1
   2.98584084E0  2.37247777E-2  -1.2483719E-5  2.42903257E-9-1.68049827E-13    2
   2.97296039E4   1.32146618E1   2.68347107E0  2.93743982E-2 -2.93408969E-5    3
  2.06294433E-8-6.86839802E-12   2.96159099E4   1.36903236E1                   4
CH2CHOCHO               H   4O   2C   3     G     100.0    5000.0  833.56      1
   7.40521033E0  1.65570221E-2 -6.58007383E-6  1.24982151E-9-9.06572059E-14    2
  -3.48859419E4  -1.12708869E1   2.57245381E0  1.18819753E-2  5.19781973E-5    3
 -8.56898226E-8 3.80126901E-11  -3.31121756E4   1.69715365E1                   4
CH2CHCH2OO              H   5O   2C   3     G     300.0    1500.0  1000.0      1
   2.51048868E1 -1.99386217E-2  8.72377199E-6  1.37679538E-8-7.65493513E-12    2
   1.95478601E3  -1.00413362E2   4.23857095E0  1.79397874E-2  2.02864401E-5    3
 -3.95273461E-8 1.70656035E-11   8.40739191E3   1.16512643E1                   4
OCHCH2CH2O              H   5O   2C   3     G     298.0    6000.0  1000.0      1
   1.08162478E1  1.42673665E-2 -5.07333766E-6 8.11888154E-10-4.82713892E-14    2
  -1.75002033E4  -2.65683503E1 -5.00838068E-1  5.19868081E-2 -6.76895492E-5    3
  5.81287856E-8-2.11513136E-11  -1.42793836E4   3.13661013E1                   4
!C3H6                    H  6 C  3 O  0      G     298.0    3000.0    1000.0    1
! 1.64278374E+00 2.54878392E-02-1.26572609E-05 3.05815725E-09-2.91267032E-13    2
! 7.07032253E+02 1.53987922E+01 1.28764269E+00 2.25006139E-02-4.53932009E-07    3
!-1.09681215E-08 4.87404921E-12 9.61516107E+02 1.81216778E+01                   4
C3H6              G-2-00H   6C   3          G     200.0    6000.0  1000.0      1
   6.03870234E0  1.62963931E-2   -5.821308E-6 9.35936829E-10-5.58603143E-14    2
  -7.41715057E2  -8.43825992E0   3.83464468E0  3.29078952E-3  5.05228001E-5    3
 -6.66251176E-8 2.63707473E-11   7.88717123E2   7.53408013E0                   4
C3H5-A            -THERMH   5C   3          G     300.0    5000.0  1373.0      1
   8.83926244E0   1.0848952E-2 -3.76807987E-6 5.91217237E-10-3.45595703E-14    2
   1.60424092E4  -2.47555313E1  4.47889052E-1  2.79507544E-2 -1.69490036E-5    3
  5.54378883E-9-8.95719069E-13   1.92565554E4   2.13053621E1                   4
C3H5-S                  H   5C   3          G     298.0    3000.0  1000.0      1
   2.88965689E0  2.06484496E-2 -1.02005529E-5  2.45220758E-9-2.32477736E-13    2
   3.04802242E4   1.02662579E1    1.5645165E0  2.36197016E-2 -1.07382165E-5    3
-8.68979222E-11 1.19817981E-12   3.08476047E4   1.72062874E1                   4
C3H5-T                  H   5C   3          G     298.0    3000.0  1000.0      1
   2.36288328E0  2.15547888E-2 -1.07842989E-5   2.6198441E-9-2.50507107E-13    2
    2.8837747E4   1.33587759E1   2.47223165E0  1.75096865E-2  1.54166152E-6    3
 -1.03357169E-8 4.31484742E-12   2.89681156E4   1.36627279E1                   4
CC3H6                   H   6C   3          G     200.0    6000.0  1000.0      1
   6.21663437E0  1.65393591E-2 -5.90075838E-6 9.48095199E-10-5.65661522E-14    2
   2.95937491E3  -1.36041009E1   2.83278674E0 -5.21028618E-3   9.2958321E-5    3
 -1.22753194E-7 4.99191366E-11   5.19520048E3   1.08306333E1                   4
CH3CHCHO                H   5O   1C   3     G     300.0    5000.0  1424.0      1
   1.06781476E1  1.12805711E-2 -3.89010759E-6 6.07617268E-10-3.54120848E-14    2
  -7.73234209E3  -3.24971238E1   1.47166733E0  2.69251618E-2 -1.00248013E-5    3
 -1.13421435E-9 1.03416658E-12  -4.04142023E3   1.88722472E1                   4
CH3CHCO           -THERMH   4O   1C   3     G     300.0    5000.0  1400.0      1
   1.00219123E1    9.569663E-3 -3.26221644E-6 5.05231706E-10-2.92593257E-14    2
  -1.42482738E4  -2.77829973E1   1.48380119E0  3.22203013E-2 -2.70250033E-5    3
  1.20499164E-8-2.18365931E-12   -1.1527654E4   1.71552068E1                   4
C3H5O              KPS12H   5O   1C   3     G     300.0    5000.0  1402.0      1
   1.02638186E1  1.17609932E-2 -3.89837957E-6 5.92650815E-10-3.38867417E-14    2
   7.25938472E3  -2.75108651E1  8.24068673E-1  3.46749909E-2 -2.51786795E-5    3
  9.56781953E-9-1.48085302E-12   1.04203725E4    2.2828307E1                   4
CH2CHOCH2               H   5O   1C   3     G     298.0    3000.0  1000.0      1
   5.97771354E0  2.02657041E-2 -1.01668826E-5  2.48262015E-9-2.38848507E-13    2
   8.26182922E3  -3.59465019E0  8.65182879E-1  3.69123607E-2 -2.91776933E-5    3
  1.10126628E-8-1.29220645E-12   9.46612939E3   2.20002011E1                   4
AC3H5OOH             ITHH   6O   2C   3     G     298.0    6000.0  1000.0      1
   1.20838649E1  1.47946591E-2 -5.13212591E-6 8.07504999E-10-4.74394983E-14    2
  -1.02184463E4  -3.36434791E1   3.18124993E0  4.35233041E-2 -5.16277353E-5    3
  4.32011427E-8-1.57714983E-11  -7.63521503E3   1.21725683E1                   4
C3H4-P            T-2-90H   4C   3          G     200.0    6000.0  1000.0      1
      6.02524E0   1.1336542E-2  -4.0223391E-6  6.4376063E-10 -3.8299635E-14    2
    1.9620942E4   -8.6043785E0    2.6803869E0   1.5799651E-2   2.5070596E-6    3
  -1.3657623E-8  6.6154285E-12    2.0802374E4    9.8769351E0                   4
C3H4-A            L-8-89H   4C   3          G     200.0    6000.0  1000.0      1
    6.3168722E0   1.1133728E-2  -3.9629378E-6  6.3564238E-10  -3.787554E-14    2
    2.0117495E4   -1.0995766E1    2.6130445E0   1.2122575E-2    1.853988E-5    3
  -3.4525149E-8  1.5335079E-11    2.1541567E4    1.0226139E1                   4
C3H3              T-7-11H   3C   3          G     200.0    6000.0  1000.0      1
   7.14221719E0  7.61902211E-3  -2.6746003E-6 4.24914904E-10-2.51475443E-14    2
   3.95709594E4   -1.2584869E1   1.35110873E0  3.27411291E-2 -4.73827407E-5    3
   3.7631022E-8-1.18541128E-11   4.07679941E4   1.52058598E1                   4
CC3H4             T12-81H   4C   3          G     300.0    5000.0  1000.0      1
    6.6999931E0   1.0357372E-2  -3.4551167E-6  5.0652949E-10 -2.6682276E-14    2
    3.0199051E4    -1.337877E1  -2.4621047E-2   2.3197215E-2  -1.8474357E-6    3
  -1.5927593E-8  8.6846155E-12    3.2334137E4    2.2729762E1                   4
!SP_FROM GOLDSMITH
C3H2                    H   2C   3          G     298.0    3000.0  1000.0      1
   7.06992917E0   5.3930816E-3 -2.17231495E-6 4.25227595E-10-3.28500977E-14    2
    6.3437888E4  -9.64827316E0   6.45665171E0  8.89254866E-3 -8.95504077E-6    3
  5.94559895E-9-1.65668523E-12   6.35070148E4  -6.95417172E0                   4
!SP_FROM GOLDSMITH
H2CCC(S)                H   2C   3          G     298.0    3000.0  1000.0      1
   3.75675072E0  1.05198161E-2  -5.3118251E-6  1.30033932E-9 -1.2511389E-13    2
   6.49793615E4   5.13544552E0   3.65239437E0  9.12393407E-3  -2.7017186E-7    3
 -4.17863788E-9 1.81244845E-12   6.50833396E4   6.07330419E0                   4
!SP_FROM GOLDSMITH
C3H2(S)           T12-00H   2C   3          G     200.0    6000.0  1000.0      1
   5.58092176E0  7.88374719E-3 -3.74325522E-6 8.68600548E-10-7.98340783E-14    2
    6.9846369E4    -4.217711E0   3.12747067E0  1.86432946E-2 -2.18682413E-5    3
  1.46536901E-8-4.04603382E-12    7.0308676E4   7.42959447E0                   4
C3H2C             -----0H   2C   3          G     200.0    5000.0  1500.0      1
     6.563268E0   5.2363256E-3   -1.754483E-6  2.6866106E-10 -1.5428509E-14    2
    5.6514618E4   -1.2000607E1    1.1295888E0   1.7287401E-2  -1.1366823E-5    3
   3.4569296E-9 -3.6615951E-13     5.841908E4    1.7331448E1                   4
PC3H4OH-1               H   5O   1C   3     G     300.0    5000.0  1403.0      1
   1.09468986E1   1.0401454E-2 -3.44082448E-6 5.22105632E-10-2.98049266E-14    2
     4.115306E3  -3.11161699E1   2.07150195E0   3.5001681E-2 -3.01922013E-5    3
  1.38467853E-8-2.55380109E-12   6.81914209E3   1.51916605E1                   4
PC3H4OH-2         -THERMH   5O   1C   3     G     300.0    5000.0  1403.0      1
   1.07164095E1  1.06066461E-2  -3.5137406E-6 5.33713932E-10-3.04901511E-14    2
   4.98486803E3  -2.98329329E1   1.42757363E0  3.64825569E-2 -3.18007132E-5    3
  1.46914605E-8-2.72331227E-12   7.80342663E3   1.85890339E1                   4
PC3H4OH-3               H   5O   1C   3     G     300.0    5000.0  1378.0      1
   1.15297558E1  1.14381097E-2 -4.04415495E-6 6.41949269E-10-3.78242456E-14    2
  -3.45486444E3  -3.65385497E1  4.06368169E-1  3.70231405E-2 -2.72202689E-5    3
  1.05783475E-8-1.73632514E-12   5.27160824E2   2.34781848E1                   4
SC3H4OH                 H   5O   1C   3     G     300.0    5000.0  1407.0      1
   1.20968484E1  9.43976596E-3 -3.10773897E-6 4.69609188E-10 -2.6716571E-14    2
  -3.85854894E2  -3.76795997E1   1.72870561E0   4.4101587E-2  -4.7201386E-5    3
  2.52073596E-8 -5.1337571E-12   2.22720503E3   1.43928257E1                   4
C3H3O             ---GMGH   3O   1C   3     G     100.0    5000.0 1149.86      1
   6.82982476E0  1.21550955E-2 -5.01834477E-6 9.27996889E-10-6.42469482E-14    2
   1.97626136E4  -7.94216328E0    2.9430262E0  1.99368612E-2 -7.68290364E-6    3
 -1.86785397E-9 1.48736942E-12   2.10358789E4   1.30019586E1                   4
C3H3O2H                 H   4O   2C   3     G     300.0    5000.0  1385.0      1
   1.38152174E1  8.62174763E-3 -3.06710006E-6 4.88874247E-10-2.88888385E-14    2
   6.29182941E3  -4.39151257E1   1.09787313E0  4.22717882E-2 -3.83969355E-5    3
  1.77405069E-8-3.27674312E-12   1.03592314E4   2.30651783E1                   4
C2HCHO                  H   2O   1C   3     G     300.0    5000.0  2012.0      1
   7.99952054E0  7.07825497E-3 -2.63086819E-6 4.33073185E-10-2.62003284E-14    2
   8.71863156E3  -1.57226237E1   4.20776611E0  1.34382727E-2 -5.15442099E-6    3
-2.24570818E-11 2.74111284E-13   1.02117375E4   5.43871873E0                   4
! PAWEL ADDED PROPONAL 27/06/2016
NC3H7O                  H   7O   1C   3     G     300.0    5000.0  1386.0      1
   1.15279177E1  1.53775991E-2 -5.23946272E-6 8.11382512E-10-4.69927603E-14    2
  -9.85099867E3  -3.54233008E1    2.5748688E0    3.071006E-2 -1.20048836E-5    3
 3.40807108E-12 7.25275283E-13   -6.2091335E3   1.45966401E1                   4
C3H5OH            T06-10H   6O   1C   3     G     200.0    6000.0  1000.0      1
   8.72477114E0  1.63942712E-2 -5.90852993E-6 9.53262253E-10 -5.7031801E-14    2
  -1.90496618E4  -1.97198674E1   3.15011905E0  1.28538274E-2  4.28438434E-5    3
 -6.67818707E-8 2.80408237E-11  -1.66413668E4   1.35066359E1                   4
!SP_FROM GOLDSMITH
SC3H5OH                 H   6O   1C   3     G     298.0    3000.0  1000.0      1
   5.15026206E0  2.35923425E-2 -1.14263883E-5  2.70815158E-9-2.54145326E-13    2
  -2.06936916E4 -5.56559884E-1   2.73013612E0  3.03161502E-2 -1.65712529E-5    3
  2.50557776E-9 7.89611311E-13  -2.00786225E4   1.18162879E1                   4
CH2CCH2OH         -THERMH   5O   1C   3     G     300.0    5000.0  1372.0      1
   9.70702027E0   1.1397266E-2 -3.77993962E-6 5.75209277E-10-3.29229125E-14    2
   9.13212884E3  -2.25012933E1   2.88422544E0  2.42428071E-2 -1.14152268E-5    3
  1.71775334E-9 1.42177454E-13   1.17935615E4   1.52102335E1                   4
IC3H7O                  H   7O   1C   3     G     300.0    5000.0  1527.0      1
   1.19648494E1  1.42943974E-2 -4.71413211E-6 7.14027066E-10-4.07161162E-14    2
  -1.17519389E4  -3.88860959E1    2.3610841E0  3.45650027E-2 -1.94579631E-5    3
  4.71536901E-9-2.64704937E-13  -8.28791395E3   1.33112436E1                   4
IC3H5OH           -THERMH   6O   1C   3     G     300.0    5000.0  1374.0      1
   1.07381025E1  1.31698194E-2 -4.41529622E-6 6.77009837E-10-3.89608901E-14    2
  -2.47298321E4   -3.1363405E1   1.58376391E0  3.16215366E-2 -1.73664942E-5    3
  4.18927663E-9 -2.7989962E-13  -2.12643496E4   1.88313766E1                   4
CH3COCH3                H   6O   1C   3     G     300.0    5000.0  1394.0      1
   8.87619308E0  1.45700263E-2  -4.8482328E-6 7.38614777E-10-4.22831194E-14    2
  -3.06046242E4  -2.12730484E1   2.20008426E0  2.74019559E-2 -1.31342003E-5    3
  2.57150371E-9-6.21509091E-14  -2.79933966E4   1.55883508E1                   4
CH3COCH2          -THERMH   5O   1C   3     G     300.0    5000.0  1387.0      1
   1.09524298E1  1.11458668E-2 -3.86262877E-6 6.05088857E-10-3.53293362E-14    2
  -9.60833727E3  -3.15622776E1   1.13381826E0  3.25095045E-2 -2.10424651E-5    3
  6.64421151E-9-8.12618901E-13  -6.04868361E3   2.17158655E1                   4
CH3COCH2O2        -THERMH   5O   3C   3     G     300.0    5000.0  1397.0      1
   1.65756401E1  1.06465489E-2 -3.61368681E-6 5.59053564E-10-3.23832271E-14    2
  -2.42541401E4  -5.45304899E1   1.19378141E0  4.98027161E-2 -4.17999508E-5    3
  1.74527607E-8-2.88198761E-12  -1.93244224E4   2.67877493E1                   4
CH3COCH2O         -THERMH   5O   2C   3     G     300.0    5000.0  2002.0      1
   9.84061707E0  1.59181106E-2 -5.85164644E-6 9.56160073E-10-5.75477263E-14    2
  -2.11214823E4  -2.12330791E1   5.85960137E0  1.78954926E-2  7.41506398E-7    3
 -5.40032753E-9 1.47393197E-12  -1.90714739E4   2.70987883E0                   4
C3KET21           -THERMH   6O   3C   3     G     300.0    5000.0  1394.0      1
   1.75768076E1  1.20311704E-2 -4.11633942E-6 6.40149366E-10-3.72127562E-14    2
  -4.15502347E4    -6.090971E1 -8.74352903E-1  6.12501498E-2 -5.51474542E-5    3
  2.48491014E-8-4.42613472E-12  -3.58060819E4   3.59306224E1                   4
C2H3CHO                 H   4O   1C   3     G     298.0    3000.0  1000.0      1
   4.27745325E0  2.08995067E-2 -1.10621906E-5  2.80392911E-9-2.76871274E-13    2
  -1.01465486E4   2.26814496E0   1.30858881E0  2.90665687E-2 -1.85267312E-5    3
  5.10575873E-9 -3.1235785E-13  -9.34139504E3   1.75831373E1                   4
C2H3CO                  H   3O   1C   3     G     298.0    3000.0  1000.0      1
   4.57165627E0  1.67235781E-2 -8.58791816E-6  2.13315141E-9-2.07752945E-13    2
   9.48746848E3   3.10327903E0   1.67431562E0  2.53644779E-2 -1.74055511E-5    3
  5.43382478E-9-4.34352533E-13   1.02237218E4   1.78417413E1                   4
C2H5CHO           T05-10H   6O   1C   3     G     200.0    6000.0  1000.0      1
    7.4408569E0  1.77301764E-2 -6.34081568E-6  1.02040803E-9-6.09461714E-14    2
  -2.60055814E4  -1.44195446E1   4.24529681E0  6.68296706E-3  4.93337933E-5    3
 -6.71986124E-8 2.67262347E-11  -2.41473007E4    6.9073856E0                   4
C2H5CO            A10-04H   5O   1C   3     G     200.0    6000.0  1000.0      1
   6.52325448E0  1.54211952E-2 -5.50898157E-6 8.85889862E-10-5.28846399E-14    2
  -7.19631634E3  -5.19862218E0   6.25722402E0 -9.17612184E-3  7.61190493E-5    3
 -9.05514997E-8 3.46198215E-11  -5.91616484E3   2.23330599E0                   4
CH2CH2CHO               H   5O   1C   3     G     300.0    5000.0  1437.0      1
   1.00673122E1  1.14971005E-2 -3.90137798E-6 6.03029101E-10-3.48958224E-14    2
  -2.75080876E3  -2.58818404E1   2.55799036E0  2.23391941E-2 -4.89741478E-6    3
 -3.58874384E-9  1.4717503E-12   4.53127696E2   1.67016285E1                   4
C2H4OCHO                H   5O   2C   3     G     300.0    5000.0  1684.0      1
   1.22682078E1  1.37336751E-2 -5.06732537E-6 8.30265992E-10-5.00728023E-14    2
  -2.09125606E4  -3.56985038E1   3.11985293E0   3.1951412E-2 -1.67508873E-5    3
  3.25914973E-9-4.96818754E-14  -1.76239471E4   1.42845094E1                   4
C6H6              G 6/01C   6H   6    0    0G   200.000  6000.000 1000.000     1
 1.10809576E+01 2.07176746E-02-7.52145991E-06 1.22320984E-09-7.36091279E-14    2
 4.30641035E+03-4.00413310E+01 5.04818632E-01 1.85020642E-02 7.38345881E-05    3
-1.18135741E-07 5.07210429E-11 8.55247913E+03 2.16412893E+01 9.96811598E+03    4
FULVENE                0C   6H   6    0    0G   200.000  5000.000 1000.00    0 1
 0.11103525E+02 0.20600685E-01-0.75302224E-05 0.12388695E-08-0.75415976E-13    2
 0.20361843E+05-0.36665197E+02-0.71813191E+00 0.37934312E-01 0.11398837E-04    3
-0.41333503E-07 0.18055927E-10 0.24223825E+05 0.27855714E+02                   4
C6H5              T04/02C   6H   5    0    0G   200.000  6000.000 1000.        1
 1.08444762E+01 1.73212473E-02-6.29233249E-06 1.02369961E-09-6.16216828E-14    2
 3.55598475E+04-3.53735134E+01 2.10306633E-01 2.04745507E-02 5.89743006E-05    3
-1.01534255E-07 4.47105660E-11 3.95468722E+04 2.52910455E+01 4.08610970E+04    4
C6H5OH            L 4/84C   6H   6O   1    0G   300.000  5000.000 1000.        1
 0.14912073E+02 0.18378135E-01-0.61983128E-05 0.91983221E-09-0.49209565E-13    2
-0.18375199E+05-0.55924103E+02-0.16956539E+01 0.52271299E-01-0.72024050E-05    3
-0.35859603E-07 0.20449073E-10-0.13284121E+05 0.32542160E+02-0.11594207E+05    4
C6H5O             T05/02C   6H   5O   1    0G   200.000  6000.000 1000.        1
 1.37221720E+01 1.74688771E-02-6.35504520E-06 1.03492308E-09-6.23410504E-14    2
 2.87274751E+02-4.88181680E+01-4.66204455E-01 4.13443975E-02 1.32412991E-05    3
-5.72872769E-08 2.89763707E-11 4.77858391E+03 2.76990274E+01 6.49467016E+03    4
C5H5             TAK0505C   5H   5    0    0G   298.150  3500.000  969.35      1
 1.33675715E+00 3.24793912E-02-1.67587774E-05 4.03514137E-09-3.70739036E-13    2
 3.00730524E+04 1.60315806E+01-3.97555452E+00 7.41370991E-02-1.11803345E-04    3
 9.04628776E-08-2.80999747E-11 3.01769405E+04 3.67153636E+01                   4
C5H4OH            T 8/99C   5H   5O   1    0G   200.000  6000.000 1000.        1
 1.33741248E+01 1.51996469E-02-5.45685046E-06 8.80944866E-10-5.27493258E-14    2
 2.20358027E+03-4.59569069E+01-1.28398054E+00 4.90298511E-02-1.35844414E-05    3
-2.92983743E-08 1.90820619E-11 6.37364803E+03 3.08073591E+01 8.00114499E+03    4
C5H4O             T 8/99C   5H   4O   1    0G   200.000  6000.000 1000.        1
 1.00806824E+01 1.61143465E-02-5.83314509E-06 9.46759320E-10-5.68972206E-14    2
 1.94364771E+03-2.94521623E+01 2.64576497E-01 3.34873827E-02 1.67738470E-06    3
-2.96207455E-08 1.54431476E-11 5.11159287E+03 2.35409513E+01 6.64245999E+03    4
NC7H16            P10/95C   7H  16    0    0G   300.000  5000.000  1391.000    1
 2.22148969E+01 3.47675750E-02-1.18407129E-05 1.83298478E-09-1.06130266E-13    2
-3.42760081E+04-9.23040196E+01-1.26836187E+00 8.54355820E-02-5.25346786E-05    3
 1.62945721E-08-2.02394925E-12-2.56586565E+04 3.53732912E+01                   4
C7H15      2/10/95      C   7H  15    0    0G   300.000  5000.000  1391.000    1
 2.17940709E+01 3.26280243E-02-1.11138244E-05 1.72067148E-09-9.96366999E-14    2
-9.20938221E+03-8.64954311E+01-4.99570406E-01 8.08826467E-02-5.00532754E-05    3
 1.56549308E-08-1.96616227E-12-1.04590223E+03 3.46564011E+01                   4
C7H15O2    7/23/98      C   7H  15O   2     G   300.000  5000.000              1
 2.49023689E+01 3.50716920E-02-1.20440306E-05 1.87464822E-09-1.08947791E-13    2
-2.82976050E+04-9.73923542E+01 2.37499334E+00 8.34651906E-02-5.13897320E-05    3
 1.64217662E-08-2.19505216E-12-1.99237961E+04 2.53067342E+01                   4
C7H14OOH   7/23/98      C   7H  15O   2     G   300.000  5000.000              1
 2.70028807E+01 3.22272216E-02-1.09366516E-05 1.68977918E-09-9.77321946E-14    2
-2.27229231E+04-1.06332170E+02 2.49875186E+00 8.32443344E-02-4.85933986E-05    3
 1.28927950E-08-1.09878385E-12-1.36530733E+04 2.73754005E+01                   4
O2C7H14OOH   7/23/98    C   7H  15O   4     G   300.000  5000.000              1
 3.23937788E+01 3.33911097E-02-1.15672104E-05 1.81146023E-09-1.05739941E-13    2
-4.36321048E+04-1.32597311E+02 3.84933185E+00 9.45955097E-02-5.94934121E-05    3
 1.78836457E-08-2.00618696E-12-3.32051631E+04 2.25912030E+01                   4
C7KET      2/10/95      C   7H  14O   3     G   300.000  5000.000 1382.000     1
 2.80512936E+01 3.27356029E-02-1.14107044E-05 1.79404506E-09-1.05002142E-13    2
-5.89640173E+04-1.11392338E+02 4.19023030E+00 8.43118237E-02-5.44315814E-05    3
 1.85837721E-08-2.72768938E-12-5.00570382E+04 1.85783455E+01                   4
C5H11CO    2/29/96      C   6H  11O   1     G   300.000  5000.000              1
 1.94783812E+01 2.50466029E-02-8.54861346E-06 1.32557944E-09-7.68503296E-14    2
-2.07923937E+04-7.21995578E+01 2.14479069E+00 6.17863563E-02-3.74134690E-05    3
 1.13283795E-08-1.36917698E-12-1.43451172E+04 2.23128045E+01                   4
C7H14      1/ 1/95 THERMC   7H  14    0    0G   300.000  5000.000 1392.00      1
 2.10164030E+01 3.15214597E-02-1.08073947E-05 1.68040191E-09-9.75892313E-14    2
-2.12117050E+04-8.63818785E+01-1.33081497E+00 8.21082352E-02-5.49123303E-05    3
 1.94284948E-08-2.88886541E-12-1.32021384E+04 3.43549746E+01                   4
IC8H18     7/27/95 THERMC   8H  18    0    0G   300.000  5000.000 1396.00      1
 2.71373590E+01 3.79004890E-02-1.29437358E-05 2.00760372E-09-1.16400580E-13    2
-4.07958177E+04-1.23277495E+02-4.20868893E+00 1.11440581E-01-7.91346582E-05    3
 2.92406242E-08-4.43743191E-12-2.99446875E+04 4.49521701E+01                   4
C8H17                   C   8H  17O   0     G  0300.00   5000.00  1000.00      1
 1.65781000E+01 4.79568000E-02-1.58330000E-05 2.45887000E-09-1.47904000E-13    2
-1.13886000E+04-5.77977000E+01-2.45792000E+00 1.00416000E-01-5.52412000E-05    3
 8.18171000E-10 7.48841000E-12-6.56307000E+03 3.95814000E+01                   4
C8H17O2                 C   8H  17O   2     G  0300.00   5000.00  1000.00      1
 2.61790E+01    4.02621E-02   -1.21840E-05    1.77416E-09   -1.01822E-13       2
-3.13354E+04   -1.06205E+02   -1.33130E+00    1.07392E-01   -5.66082E-05       3
-2.14473E-09    8.62014E-12   -2.33465E+04    3.80377E+01                      4
C8H16OOH                C   8H  17O   2     G  0300.00   5000.00  1000.00      1
 2.59673E+01    3.94986E-02   -1.17491E-05    1.69063E-09   -9.62759E-14       2
-2.86414E+04   -1.02359E+02    4.63771E+00    7.70682E-02    5.46587E-06       3
-6.02176E-08    2.84759E-11   -2.20723E+04    1.22966E+01                      4
O2C8H16OOH              C   8H  17O   4     G  0300.00   5000.00  1000.00      1
 3.12917E+01    3.92720E-02   -1.14955E-05    1.63072E-09   -9.17048E-14       2
-4.28382E+04   -1.25286E+02    7.66149E-01    1.15621E-01   -6.49312E-05       3
 3.70399E-10    8.77610E-12   -3.41337E+04    3.41493E+01                      4
C8KET                   C   8H  16O   3     G  0300.00   5000.00  1000.00      1
 2.34007E+01    4.58018E-02   -1.53548E-05    2.41072E-09   -1.46115E-13       2
-5.82798E+04   -8.43852E+01   -1.22819E+00    1.10258E-01   -6.32868E-05       3
 2.95991E-09    7.38667E-12   -5.15453E+04    4.31889E+01                      4
C6H13CO                 C   7H  13O   1     G  0300.00   5000.00  1000.00      1
 1.94783812E+01 2.50466029E-02-8.54861346E-06 1.32557944E-09-7.68503296E-14    2
-2.07923937E+04-7.21995578E+01 2.14479069E+00 6.17863563E-02-3.74134690E-05    3
 1.13283795E-08-1.36917698E-12-1.43451172E+04 2.23128045E+01                   4
C8H16      7/27/95 THERMC   8H  16    0    0G   300.000  5000.000 1394.00      1
 2.56756746E+01 3.41801998E-02-1.16002952E-05 1.79195478E-09-1.03613002E-13    2
-2.62458324E+04-1.13928273E+02-2.79610447E+00 1.00836172E-01-7.12250651E-05    3
 2.60659824E-08-3.90031814E-12-1.64002496E+04 3.88854068E+01                   4
N                 120186N   1               G  0300.00   5000.00  1000.00      1
 0.02450268E+02 0.10661458E-03-0.07465337E-06 0.01879652E-09-0.10259839E-14    2
 0.05611604E+06 0.04448758E+02 0.02503071E+02-0.02180018E-03 0.05420529E-06    3
-0.05647560E-09 0.02099904E-12 0.05609890E+06 0.04167566E+02                   4
N2O               121286N   2O   1          G  0300.00   5000.00  1000.00      1
 0.04718977E+02 0.02873713E-01-0.11974958E-05 0.02250551E-08-0.15753370E-13    2
 0.08165811E+05-0.16572504E+01 0.02543057E+02 0.09492193E-01-0.09792775E-04    3
 0.06263844E-07-0.01901825E-10 0.08765100E+05 0.09511222E+02                   4
NO                121286N   1O   1          G  0300.00   5000.00  1000.00      1
 0.03245435E+02 0.12691383E-02-0.05015890E-05 0.09169283E-09-0.06275419E-13    2
 0.09800840E+05 0.06417293E+02 0.03376541E+02 0.12530634E-02-0.03302750E-04    3
 0.05217810E-07-0.02446262E-10 0.09817961E+05 0.05829590E+02                   4
NO2               121286N   1O   2          G  0300.00   5000.00  1000.00      1
 0.04682859E+02 0.02462429E-01-0.10422585E-05 0.01976902E-08-0.13917168E-13    2
 0.02261292E+05 0.09885985E+01 0.02670600E+02 0.07838500E-01-0.08063864E-04    3
 0.06161714E-07-0.02320150E-10 0.02896290E+05 0.11612071E+02                   4
IC6H14     1/14/95 THERMC   6H  14    0    0G   300.000  5000.000 1392.00     51
 1.89218968e+01 3.07714665e-02-1.05523935e-05 1.64094307e-09-9.53043216e-14    2
-3.13407083e+04-7.68880761e+01-1.49039354e+00 7.49783888e-02-4.66434710e-05    3
 1.49348963e-08-1.97251090e-12-2.38232544e+04 3.41061152e+01                   4
C6H13      1/14/95 THERMC   6H  13    0    0G   300.000  5000.000 1395.00     51
 1.86278363e+01 2.83923538e-02-9.71335309e-06 1.50802323e-09-8.74846193e-14    2
-6.24637871e+03-7.27802145e+01-1.42715031e+00 7.44113091e-02-5.05167534e-05    3
 1.82309845e-08-2.76368742e-12 8.71466457e+02 3.53377629e+01                   4
C6H13O2    7/27/98 THERMC   6H  13O   2    0G   300.000  5000.000 1391.000    61
 2.19306634e+01 3.03730357e-02-1.04221272e-05 1.62133364e-09-9.41911022e-14    2
-2.54100652e+04-8.36194693e+01 1.92897998e+00 7.40453008e-02-4.67279331e-05    3
 1.54240442e-08-2.13698972e-12-1.80575756e+04 2.50528432e+01                   4
C6H12OOH    7/27/98 THRMC   6H  13O   2    0G   300.000  5000.000 1395.000    61
 2.34849945e+01 2.89614087e-02-9.91640347e-06 1.54055363e-09-8.94167539e-14    2
-1.82141652e+04-9.03542475e+01 1.77746440e+00 7.82975071e-02-5.27195595e-05    3
 1.84732690e-08-2.67394110e-12-1.05045121e+04 2.67709875e+01                   4
O2C6H12OOH    7/27/98 TMC   6H  13O   4    0G   300.000  5000.000 1386.000    81
 2.88433532e+01 2.92432289e-02-1.01480870e-05 1.59110449e-09-9.29543732e-14    2
-3.84232246e+04-1.14909676e+02 4.18237230e+00 8.06143321e-02-4.83442687e-05    3
 1.32185454e-08-1.21020474e-12-2.92699303e+04 1.96906078e+01                   4
C6KET      7/27/98 THERMC   6H  12O   3    0G   300.000  5000.000 1391.000    71
 2.58881018e+01 2.69966798e-02-9.35286708e-06 1.46475063e-09-8.55035143e-14    2
-5.32874134e+04-1.02035617e+02 1.84451204e+00 8.03461313e-02-5.35429274e-05    3
 1.76894466e-08-2.31065268e-12-4.46783704e+04 2.80555073e+01                   4
C4H9CO     2/29/96 THERMC   5H   9O   1    0G   300.000  5000.000 1382.000    41
 1.61782939e+01 2.07991920e-02-7.11787892e-06 1.10559975e-09-6.41697187e-14    2
-1.66537752e+04-5.58943579e+01 2.43530238e+00 4.93682376e-02-2.89883082e-05    3
 8.42863812e-09-9.68287172e-13-1.14675541e+04 1.92695879e+01                   4
C6H12      2/14/95      C   6H  12    0    0G   300.000  5000.000 1391.00     41
 1.77919314e+01 2.68882975e-02-9.17597563e-06 1.42232776e-09-8.24250741e-14    2
-1.59089099e+04-6.89733605e+01-5.11775170e-01 6.75515839e-02-4.35931315e-05    3
 1.47174635e-08-2.07208823e-12-9.28196280e+03 3.01733384e+01                   4
C6H5CH3           T 9/81C   7H   8    0    0G   300.000  5000.000              1
 0.13957725E+02 0.24616607E-01-0.83795358E-05 0.12537165E-08-0.67675520E-13    2
-0.10295066E+04-0.52245728E+02-0.25368824E+01 0.52898869E-01 0.14038515E-05    3
-0.40762323E-07 0.20377519E-10 0.44778477E+04 0.37415115E+02                   4
C6H5CHO                0C   7H   6O   1     G  0300.00   5000.00  1000.00      1
 0.27822605e+02 0.62637692e-02-0.14661670e-05 0.18006827e-09-0.93566283e-14    2
-0.15845393e+05-0.12738686e+03-0.34431257e+01 0.66832952e-01-0.34990375e-04    3
 0.32432945e-08 0.11444751e-11-0.46860913e+04 0.43472546e+02                   4
C4H5                    C   4H   5O   0     G  0300.00   5000.00  1000.00      1
 9.05000000e+00 1.29567000e-02-3.72000000e-06 3.33333333e-10-0.00000000e+00    2
 0.34153009e+05-0.20803606e+02 4.12679000e-01 3.52968000e-02-2.27193000e-05    3
 5.62976000e-09 0.00000000e+00 0.35892140e+05 0.22543554e+02                   4
C6H5CH2J               0C   7H   7O   0     G  0300.00   5000.00  1000.00      1
 0.14451521e+02 0.22323409e-01-0.72202479e-05 0.11086372e-08-0.66355219e-13    2
 0.17049973e+05-0.54730888e+02-0.47121730e+01 0.72093867e-01-0.52840940e-04    3
 0.18332926e-07-0.22904658e-11 0.22674082e+05 0.45501709e+02                   4
C6H5CO     2/25/94 THERMC   7H   5O   1    0G   300.000  5000.000 1382.000    11
 1.77196103E+01 1.59990428E-02-5.54532150E-06 8.69582681E-10-5.08335220E-14    2
 4.57408086E+03-6.82553109E+01-1.93001550E+00 6.18799970E-02-4.60916515E-05    3
 1.70133701E-08-2.49869948E-12 1.13352170E+04 3.71779131E+01                   4
C6H12-1    2/14/95      C   6H  12    0    0G   300.000  5000.000 1391.00     41
 1.77919314e+01 2.68882975e-02-9.17597563e-06 1.42232776e-09-8.24250741e-14    2
-1.59089099e+04-6.89733605e+01-5.11775170e-01 6.75515839e-02-4.35931315e-05    3
 1.47174635e-08-2.07208823e-12-9.28196280e+03 3.01733384e+01                   4
C6H11      1/22/ 7 THERGC   6H  11O   0     G  0300.00   5000.00  1000.00      1
 1.36624E+01    2.78801E-02   -8.49489E-06    1.24384E-09   -7.17067E-14       2
 1.31410E+04   -4.12369E+01   -8.10229E-01    6.88802E-02   -4.93843E-05       3
 1.71881E-08   -1.64486E-12    1.70719E+04    3.32599E+01                      4
C6H11O2                 C   6H  11O   2     G  300.0000 5000.0000 1391.00      1
 2.18247003e+01 2.61477191e-02-9.04382408e-06 1.41447358e-09-8.24824437e-14    2
-8.66913703e+03-8.26211478e+01-3.84820801e-01 8.36245772e-02-7.09827868e-05    3
 3.43622175e-08-7.18027564e-12-1.25791182e+03 3.51827744e+01                   4
C6H10OOH                C   6H  11O   2    0G  300.0000 5000.0000 1393.00      1
 2.59035094e+01 2.42696112e-02-8.29035467e-06 1.28689728e-09-7.46830616e-14    2
-2.68349386e+04-1.07436512e+02-2.73182543e+00 9.81715545e-02-8.41348171e-05    3
 3.83006073e-08-7.29514256e-12-1.75782675e+04 4.39485430e+01                   4
O2C6H10OOH              C   6H  11O   4     G  300.0000 5000.0000 1390.00      1
 2.84866924e+01 2.50953833e-02-8.76367432e-06 1.37964073e-09-8.08226365e-14    2
-2.30199932e+04-1.13192994e+02 3.31559737e-01 1.02173917e-01-9.57301462e-05    3
 4.87649491e-08-1.03178672e-11-1.40918342e+04 3.45762809e+01                   4
C6KET1                  C   6H  10O   3     G  300.0000 5000.0000 1390.00      1
 2.57983094e+01 2.28116397e-02-8.00057802e-06 1.26322558e-09-7.41574060e-14    2
-4.35240865e+04-1.03573546e+02-1.44319463e+00 9.46943633e-02-8.54051375e-05    3
 4.15972259e-08-8.49735649e-12-3.47080585e+04 4.01882357e+01                   4
C4H7CO     9/ 8/14      C   5H   7O   1    0G  300.0000 5000.0000 1394.00      1
 1.62814836e+01 1.63492954e-02-5.64820836e-06 8.82756224e-10-5.14522209e-14    2
-4.27649934e+03-5.90952290e+01 1.09637522e+00 5.57552046e-02-4.75684533e-05    3
 2.26138686e-08-4.59377871e-12 7.23295954e+02 2.13084442e+01                   4
C6H10      4/17/18 THERMC   6H  10    0    0G   300.000  5000.000 1393.000     1
 1.61515417E+01 2.36407199E-02-7.97258874E-06 1.22613976E-09-7.06733907E-14    2
 6.41186147E+02-5.88139663E+01 5.22532545E-02 5.90755990E-02-3.70890661E-05    3
 1.18346478E-08-1.51476882E-12 6.45081955E+03 2.84219284E+01                   4
CVCCVCCJ           Z&B  C   5H   7    0    0G   300.000  5000.000 1386.000    21
+1.47302883E+01+1.59030900E-02-5.57729508E-06+8.80604825E-10-5.16963733E-14    2
+1.74050791E+04-5.42670706E+01-1.60087476E+00+5.38764703E-02-3.96302225E-05    3
+1.49599474E-08-2.31995284E-12+2.31199746E+04+3.35492960E+01+0.00000000E+00    4
END
